
        C = 10.0
        Accuracy = 0.8197303051809794
        Precision = 0.6842105263157895
        Recall = 0.5924932975871313
        