
        C = 1.0
        Accuracy = 0.8218594748048261
        Precision = 0.6871165644171779
        Recall = 0.6005361930294906
        