
        C = 0.1
        Accuracy = 0.8211497515968772
        Precision = 0.6896551724137931
        Recall = 0.5898123324396782
        